Gesture0
188
0 0 5 1 6 1 7 1 8 1 9 1 10 1 11 1 12 1 14 1 15 1 16 1 18 1 19 1 20 1 22 2 23 2 24 2 26 2 27 2 28 2 30 2 31 2 32 2 34 2 35 2 36 2 37 2 39 2 41 2 43 2 44 2 46 3 47 3 48 3 49 3 50 3 52 3 53 3 54 3 56 3 57 3 58 3 60 3 61 4 62 4 64 4 66 4 67 4 68 5 70 5 72 5 73 5 75 5 77 5 78 5 80 5 82 5 84 5 86 5 90 5 91 5 93 5 94 5 97 5 98 6 99 6 103 6 105 6 106 6 108 6 110 6 112 7 113 7 114 7 116 7 117 7 118 7 120 7 122 7 123 7 125 7 126 7 129 7 130 7 132 7 134 7 136 7 138 7 139 7 143 7 144 7 147 7 149 7 153 7 156 7 158 7 161 7 165 7 166 7 169 7 172 7 175 7 176 7 177 7 178 7 181 7 183 7 185 7 186 7 188 7 191 7 193 7 195 7 198 7 200 7 201 7 204 7 207 7 210 7 212 7 216 7 218 7 223 7 226 7 228 7 230 7 232 7 234 7 236 7 238 7 240 7 242 7 244 7 245 7 247 7 250 7 251 7 253 7 255 7 258 7 261 7 263 7 264 7 268 7 269 7 273 7 274 7 276 7 278 7 279 7 281 7 282 7 284 7 285 7 286 7 287 7 288 7 289 7 290 7 291 7 292 7 294 7 295 7 296 7 297 7 298 7 299 7 300 7 301 7 302 7 304 7 305 7 306 7 308 7 309 7 311 7 312 7 314 7 315 7 316 7 317 7 318 7 319 7 320 7 321 7 322 7 323 7 
Gesture1
291
0 0 0 -1 0 -2 -1 -3 -1 -4 -1 -5 -1 -6 -2 -6 -2 -7 -2 -8 -3 -9 -3 -10 -3 -11 -4 -12 -5 -14 -5 -15 -6 -16 -7 -17 -7 -18 -7 -19 -8 -20 -8 -21 -9 -22 -9 -23 -9 -24 -9 -25 -9 -26 -9 -27 -10 -27 -10 -29 -10 -30 -11 -31 -11 -32 -11 -33 -11 -34 -11 -35 -11 -36 -11 -37 -11 -38 -11 -39 -11 -40 -11 -41 -11 -42 -11 -43 -11 -44 -11 -45 -11 -47 -11 -48 -11 -50 -10 -50 -10 -51 -9 -52 -9 -54 -9 -55 -8 -55 -8 -56 -8 -57 -7 -58 -6 -58 -6 -59 -6 -60 -6 -61 -5 -61 -5 -62 -4 -63 -4 -64 -3 -64 -3 -65 -2 -65 -2 -66 -2 -67 -1 -67 -1 -68 0 -69 1 -69 1 -70 2 -70 2 -71 3 -72 4 -72 4 -73 5 -74 6 -74 6 -75 7 -75 8 -75 9 -76 10 -76 11 -77 12 -78 13 -78 15 -78 15 -79 17 -79 19 -80 20 -80 22 -81 24 -81 25 -81 27 -82 29 -82 30 -83 32 -83 35 -83 37 -84 39 -84 40 -84 42 -84 44 -84 46 -85 48 -85 49 -85 52 -86 54 -86 56 -86 60 -86 62 -86 63 -86 64 -86 67 -86 70 -86 72 -86 76 -86 78 -86 80 -86 84 -86 87 -86 89 -86 92 -86 95 -86 99 -85 100 -85 102 -85 105 -84 107 -84 109 -84 110 -83 112 -82 113 -82 115 -82 116 -81 117 -81 118 -81 119 -81 119 -80 120 -80 120 -79 121 -79 122 -79 122 -78 123 -78 123 -77 124 -76 124 -75 125 -75 125 -74 126 -74 126 -73 127 -72 127 -71 127 -70 128 -69 129 -68 129 -66 129 -65 130 -64 130 -62 130 -60 131 -59 131 -58 131 -57 131 -56 131 -54 131 -53 131 -52 132 -50 132 -49 132 -47 133 -46 133 -44 133 -42 133 -40 133 -38 133 -37 133 -35 133 -34 133 -32 133 -31 133 -28 133 -26 133 -24 133 -22 133 -20 133 -18 132 -15 132 -14 132 -12 132 -10 131 -8 131 -7 130 -5 129 -3 128 0 127 2 126 4 125 7 123 9 122 11 121 13 119 14 118 16 117 17 116 20 115 21 114 23 112 25 111 27 109 30 108 32 106 35 105 37 103 40 101 43 99 45 97 48 96 51 94 53 92 55 92 57 90 59 89 61 88 62 87 65 86 66 85 69 83 71 82 72 82 74 80 76 79 78 79 79 78 80 77 82 76 83 75 85 75 86 73 88 73 90 72 92 71 93 71 94 70 96 69 99 68 100 68 102 68 103 67 105 67 106 66 108 66 110 66 112 66 113 65 114 65 116 65 118 64 120 64 122 64 124 64 127 64 129 64 132 63 135 63 136 63 138 62 139 62 141 62 142 62 144 62 146 62 149 63 150 63 152 63 153 63 154 63 155 63 156 63 157 64 157 64 158 64 159 64 160 
Gesture2
228
0 0 0 -1 -1 -1 -1 -2 -2 -2 -2 -3 -3 -4 -3 -5 -4 -5 -5 -5 -6 -6 -7 -6 -8 -7 -9 -8 -10 -8 -11 -9 -12 -9 -13 -9 -15 -10 -15 -11 -16 -11 -18 -12 -19 -12 -20 -13 -22 -13 -24 -14 -26 -15 -27 -15 -28 -15 -30 -16 -32 -16 -34 -17 -35 -18 -37 -18 -38 -18 -39 -18 -41 -19 -43 -19 -44 -20 -46 -20 -47 -20 -48 -20 -50 -20 -52 -21 -53 -21 -55 -21 -56 -21 -57 -22 -58 -22 -60 -22 -61 -22 -62 -22 -63 -22 -64 -22 -66 -22 -67 -22 -68 -22 -70 -22 -71 -22 -73 -22 -74 -22 -75 -22 -76 -22 -77 -22 -78 -22 -80 -22 -81 -21 -82 -21 -83 -20 -84 -20 -85 -19 -86 -19 -87 -19 -88 -18 -89 -17 -90 -17 -90 -16 -92 -16 -93 -16 -93 -15 -95 -14 -96 -13 -97 -13 -97 -12 -99 -12 -100 -11 -101 -10 -102 -9 -103 -8 -104 -7 -105 -6 -107 -4 -108 -3 -108 -2 -110 0 -110 1 -111 2 -111 3 -113 5 -114 7 -115 9 -117 11 -118 13 -119 15 -121 17 -121 18 -123 21 -124 23 -125 25 -127 28 -127 30 -129 32 -130 35 -130 36 -131 39 -132 40 -133 42 -133 45 -134 47 -135 50 -135 52 -135 53 -135 54 -135 55 -136 58 -136 60 -136 63 -136 64 -137 67 -137 70 -137 72 -137 74 -137 76 -137 78 -137 81 -137 83 -137 85 -137 88 -137 91 -137 93 -136 95 -136 97 -136 99 -135 102 -135 104 -134 106 -134 109 -134 110 -133 113 -133 115 -132 118 -131 120 -130 123 -129 126 -128 129 -127 131 -126 134 -125 137 -124 139 -123 142 -122 145 -120 148 -120 150 -118 153 -116 156 -114 159 -112 162 -110 165 -109 167 -107 170 -104 173 -101 176 -99 179 -97 182 -94 185 -91 188 -87 191 -84 194 -79 197 -76 199 -73 202 -69 203 -66 205 -63 206 -60 208 -57 209 -55 211 -52 211 -49 212 -46 213 -43 213 -39 213 -36 213 -33 213 -30 213 -28 213 -26 213 -23 212 -20 211 -18 209 -15 208 -12 205 -7 202 -4 199 0 197 4 193 5 192 8 189 10 187 11 184 13 182 14 180 16 177 18 175 19 173 20 171 22 169 22 168 23 166 23 165 24 165 25 164 25 163 25 162 26 162 26 161 27 160 27 159 
Gesture3
215
0 0 1 0 2 -1 3 -1 4 -2 5 -2 6 -2 7 -2 8 -2 9 -2 10 -3 11 -3 12 -3 13 -3 14 -3 15 -3 16 -3 17 -3 19 -3 20 -4 21 -4 23 -4 24 -4 25 -4 26 -4 28 -4 29 -5 31 -5 33 -5 34 -5 36 -5 38 -5 40 -5 42 -6 43 -6 45 -6 47 -6 49 -6 51 -6 52 -6 55 -6 57 -6 58 -6 60 -6 62 -6 65 -6 66 -6 68 -6 69 -6 72 -6 74 -6 76 -6 77 -6 80 -6 81 -6 83 -6 85 -6 87 -6 90 -6 92 -6 94 -6 96 -6 101 -6 103 -6 105 -6 107 -6 109 -6 115 -6 117 -6 120 -6 122 -6 127 -6 130 -6 132 -6 137 -6 140 -6 142 -6 146 -6 148 -6 150 -6 153 -6 155 -6 157 -6 158 -6 160 -6 162 -6 163 -6 164 -6 165 -6 166 -6 167 -6 168 -6 169 -6 170 -6 171 -6 172 -6 173 -6 174 -6 175 -6 176 -6 177 -5 178 -5 179 -5 179 -4 179 -3 178 -2 177 -2 175 0 172 2 168 5 167 7 164 9 161 11 158 13 155 15 151 18 150 18 149 19 146 20 145 21 141 23 138 26 135 28 131 30 127 32 124 34 121 36 118 39 114 40 110 44 107 46 103 48 100 50 97 52 92 56 88 58 83 62 79 65 76 67 70 70 66 72 64 75 58 78 55 80 52 82 47 86 44 87 40 91 37 93 34 96 29 99 25 102 23 104 17 108 15 110 11 113 7 117 5 119 2 122 -1 124 -2 126 -4 128 -5 130 -6 130 -7 132 -8 133 -8 134 -9 135 -9 136 -10 137 -11 138 -11 139 -12 141 -13 142 -13 144 -14 145 -15 146 -15 147 -15 148 -16 148 -16 149 -16 150 -16 151 -17 151 -18 151 -18 152 -18 153 -17 153 -14 154 -8 156 -1 157 10 159 20 160 31 161 44 163 64 165 80 166 94 166 108 166 111 166 123 166 134 167 144 167 159 168 167 168 177 168 185 168 195 168 201 168 207 169 213 169 215 169 218 169 220 169 221 169 
Gesture4
150
0 0 0 1 -1 2 -1 3 -2 5 -3 7 -4 8 -5 9 -5 10 -6 11 -6 13 -8 14 -9 16 -10 18 -11 19 -11 21 -13 23 -14 24 -15 26 -17 28 -18 29 -19 32 -20 33 -22 35 -23 37 -26 41 -29 42 -30 44 -31 46 -33 47 -35 49 -36 51 -38 53 -40 54 -41 56 -43 58 -44 59 -47 62 -48 63 -50 66 -51 67 -54 69 -55 71 -57 73 -59 75 -60 76 -62 78 -64 81 -66 82 -67 84 -69 87 -71 89 -72 91 -74 93 -76 95 -78 98 -79 100 -82 102 -85 107 -87 109 -89 111 -91 115 -93 117 -95 119 -97 122 -99 123 -101 126 -105 131 -107 133 -109 135 -113 140 -115 142 -117 145 -121 148 -122 150 -124 152 -125 154 -128 156 -129 157 -131 160 -133 162 -136 165 -137 167 -139 170 -140 171 -141 173 -143 174 -145 176 -146 177 -148 180 -150 183 -151 184 -153 187 -156 190 -157 191 -159 193 -160 195 -161 197 -163 199 -165 201 -166 202 -166 203 -167 204 -168 205 -168 206 -169 207 -169 208 -168 208 -165 208 -160 208 -156 208 -153 208 -149 208 -146 208 -142 208 -136 208 -131 208 -125 207 -116 206 -105 205 -93 204 -83 204 -73 202 -61 201 -45 199 -35 199 -24 198 -15 197 -3 196 5 195 11 195 20 194 26 194 30 193 38 193 43 192 47 191 50 191 55 191 60 191 68 189 73 188 80 187 83 186 87 185 90 185 92 184 94 183 95 183 96 183 
